S0 = 106
U = 0.15125
D = -0.13
R = 0.05
N = 8
K = 100
European call prices by PriceByCRR:40.3001

European call prices by PriceByCRRHW6:40.3001

Option Price in replicating strategy:

 40.300
 25.130 51.982
 13.199 33.804 66.268
  5.042 18.818 44.875 83.478
  0.921  7.754 26.512 58.711103.932
  0.000  1.511 11.871 36.818 75.612127.981
  0.000  0.000  2.480 18.082 50.233 95.795156.085
  0.000  0.000  0.000  4.068 27.377 67.015119.467188.876
  0.000  0.000  0.000  0.000  6.675 41.160 86.794147.180227.087

Stock positions in replicating strategy:

  0.901
  0.794  0.946
  0.610  0.873  0.977
  0.348  0.722  0.937  0.994
  0.088  0.458  0.834  0.980  1.000
  0.000  0.126  0.600  0.934  1.000  1.000
  0.000  0.000  0.180  0.778  1.000  1.000  1.000
  0.000  0.000  0.000  0.256  1.000  1.000  1.000  1.000
  0.000  0.000  0.000  0.000  0.000  0.000  0.000  0.000  0.000

Money market account positions in replicating strategy:

-55.174
-48.135-63.444
-35.782-58.844-70.988
-19.252-47.875-69.610-77.308
 -4.453-29.081-62.187-79.224-82.270
  0.000 -7.306-43.601-77.500-86.384-86.384
  0.000  0.000-11.986-64.792-90.703-90.703-90.703
  0.000  0.000  0.000-19.664-95.238-95.238-95.238-95.238
  0.000  0.000  0.000  0.000  0.000  0.000  0.000  0.000  0.000

European put prices by PriceByCRR:1.984

European put prices by PriceByCRRHW6:1.984

Option Price in replicating strategy:

  1.984
  3.978  1.017
  7.589  2.258  0.399
 13.593  4.804  1.002  0.092
 22.464  9.666  2.445  0.268  0.000
 33.551 17.983  5.742  0.781  0.000  0.000
 44.739 29.879 12.696  2.279  0.000  0.000  0.000
 55.249 42.322 25.215  6.647  0.000  0.000  0.000  0.000
 65.210 53.963 39.080 19.386  0.000  0.000  0.000  0.000  0.000

Stock positions in replicating strategy:

 -0.099
 -0.206 -0.054
 -0.390 -0.127 -0.023
 -0.652 -0.278 -0.063 -0.006
 -0.912 -0.542 -0.166 -0.020  0.000
 -1.000 -0.874 -0.400 -0.066  0.000  0.000
 -1.000 -1.000 -0.820 -0.222  0.000  0.000  0.000
 -1.000 -1.000 -1.000 -0.744  0.000  0.000  0.000  0.000
  0.000  0.000  0.000  0.000  0.000  0.000  0.000  0.000  0.000

Money market account positions in replicating strategy:

 12.510
 22.934  7.625
 38.840 15.778  3.634
 59.100 30.477  8.742  1.044
 77.817 53.189 20.083  3.046  0.000
 86.384 79.078 42.782  8.884  0.000  0.000
 90.703 90.703 78.717 25.911  0.000  0.000  0.000
 95.238 95.238 95.238 75.574  0.000  0.000  0.000  0.000
  0.000  0.000  0.000  0.000  0.000  0.000  0.000  0.000  0.000

